56 0.16891418397426605 0.40534406900405884 0.20893731713294983 0.44358792901039124
0 0.6193115711212158 0.8265711069107056 0.24959173798561096 0.3353910744190216
0 0.40996047854423523 0.4420417547225952 0.3202020823955536 0.6536349058151245
41 0.4757233262062073 0.596366286277771 0.04898033291101456 0.1051347553730011
56 0.057303883135318756 0.21433140337467194 0.10071060806512833 0.2616749405860901
39 0.9218539595603943 0.8471010327339172 0.06562957912683487 0.15923631191253662
41 0.41139259934425354 0.7013005614280701 0.052125073969364166 0.10966441035270691
60 0.5215347409248352 0.7408813834190369 0.449297159910202 0.4976847171783447
45 0.41188573837280273 0.6883950233459473 0.050408195704221725 0.08374379575252533
45 0.8788580298423767 0.4850369095802307 0.07517128437757492 0.14401288330554962
45 0.47581011056900024 0.5951572060585022 0.04930773004889488 0.10122155398130417
