56 0.177531436085701 0.4061084985733032 0.22376985847949982 0.442224383354187
0 0.40344005823135376 0.523016631603241 0.32513341307640076 0.53658127784729
39 0.9221498370170593 0.8460078239440918 0.06471500545740128 0.15990769863128662
60 0.4581789970397949 0.6851559281349182 0.2456996738910675 0.37552621960639954
56 0.0575762577354908 0.214491069316864 0.09986285120248795 0.26029035449028015
0 0.7183369994163513 0.8952128291130066 0.11930447071790695 0.20789796113967896
41 0.47560882568359375 0.5952562093734741 0.04970913007855415 0.10168592631816864
45 0.47604671120643616 0.5939922332763672 0.04975442960858345 0.10015148669481277
45 0.41189947724342346 0.6862382888793945 0.05056438595056534 0.08094139397144318
0 0.6383001804351807 0.8948668241500854 0.2786312997341156 0.2024960070848465
41 0.4117806851863861 0.6974085569381714 0.05087452009320259 0.10312991589307785
56 0.07840358465909958 0.21544019877910614 0.14312613010406494 0.2732725441455841
