56 0.17424409091472626 0.4047473967075348 0.2173437923192978 0.4437652826309204
0 0.4092983901500702 0.5325328707695007 0.31858474016189575 0.4940214455127716
0 0.5336009860038757 0.7648847103118896 0.3124586045742035 0.45759889483451843
56 0.05754339322447777 0.21451742947101593 0.10075193643569946 0.2583043575286865
39 0.9219481348991394 0.8462501168251038 0.06551685184240341 0.15989719331264496
45 0.8787328600883484 0.48475581407546997 0.07428207248449326 0.14385680854320526
56 0.08705107867717743 0.21413274109363556 0.16083376109600067 0.262320876121521
28 0.19126641750335693 0.8273899555206299 0.3308657109737396 0.32627734541893005
41 0.4239591658115387 0.7221589088439941 0.08231792598962784 0.15071292221546173
45 0.47591885924339294 0.5831384658813477 0.04951286315917969 0.07916352897882462
