56 0.1745096743106842 0.40516412258148193 0.2182384580373764 0.44421565532684326
0 0.4140615165233612 0.5250847935676575 0.32772961258888245 0.4938381612300873
41 0.4757044017314911 0.5955069661140442 0.049080658704042435 0.10233850032091141
0 0.604992687702179 0.8361791372299194 0.2716371715068817 0.31329822540283203
56 0.057508599013090134 0.2139512449502945 0.10097473114728928 0.2596490681171417
41 0.4118293821811676 0.6975324153900146 0.05180530622601509 0.10052286833524704
41 0.8784406781196594 0.485456258058548 0.07589226216077805 0.14537829160690308
39 0.922039806842804 0.8459563851356506 0.06587467342615128 0.15940500795841217
45 0.8786686062812805 0.48480042815208435 0.07539977878332138 0.14470325410366058
56 0.08194104582071304 0.21391542255878448 0.1504758596420288 0.26204395294189453
60 0.45774707198143005 0.6849793791770935 0.24955828487873077 0.3591601848602295
45 0.4121423661708832 0.6861582398414612 0.04970722272992134 0.07961463928222656
28 0.14458808302879333 0.8277263641357422 0.23684123158454895 0.32881876826286316
