56 0.16870491206645966 0.40537840127944946 0.20866096019744873 0.4428592324256897
0 0.6020140647888184 0.8772343993186951 0.2851679027080536 0.23300985991954803
41 0.4757950007915497 0.5965157747268677 0.04944324493408203 0.105865478515625
0 0.3582966923713684 0.5183732509613037 0.21740131080150604 0.48224735260009766
56 0.05729549005627632 0.21530631184577942 0.09961412101984024 0.25862157344818115
60 0.4656871259212494 0.6774306297302246 0.25379258394241333 0.38680896162986755
39 0.9215518832206726 0.8472618460655212 0.06507263332605362 0.15958964824676514
45 0.8787771463394165 0.48531872034072876 0.07510490715503693 0.1452111154794693
41 0.4108482301235199 0.7009592652320862 0.05349426344037056 0.10917223244905472
0 0.3585507571697235 0.417035847902298 0.21821832656860352 0.6876770257949829
56 0.08810855448246002 0.2143375426530838 0.16233931481838226 0.26337721943855286
45 0.47591033577919006 0.5963743329048157 0.04931068420410156 0.10308821499347687
