56 0.1687578409910202 0.4050203263759613 0.2066381275653839 0.44074538350105286
0 0.37479859590530396 0.5129729509353638 0.22866372764110565 0.48407474160194397
41 0.47598204016685486 0.5965588092803955 0.04989318922162056 0.10474412888288498
56 0.05722701549530029 0.21409931778907776 0.1005525141954422 0.26105886697769165
0 0.6403347849845886 0.8457849621772766 0.2150004357099533 0.2972232401371002
60 0.4663756787776947 0.6801328063011169 0.25769567489624023 0.38928309082984924
39 0.9218437075614929 0.8451852798461914 0.06592388451099396 0.1634363830089569
41 0.8786628842353821 0.4855610430240631 0.0752948746085167 0.14502546191215515
41 0.41076111793518066 0.7010259032249451 0.05387754365801811 0.10984666645526886
60 0.24233858287334442 0.1467006653547287 0.14306072890758514 0.22623135149478912
45 0.8788818717002869 0.48486387729644775 0.07471046596765518 0.14408977329730988
