56 0.17528240382671356 0.4042729437351227 0.21995539963245392 0.4444372355937958
0 0.4156005382537842 0.5343071222305298 0.3306386172771454 0.489431768655777
0 0.5579306483268738 0.8053614497184753 0.25119438767433167 0.38227030634880066
41 0.43175163865089417 0.7232414484024048 0.09852971881628036 0.15130378305912018
56 0.05753284692764282 0.21486401557922363 0.10069198906421661 0.2580990195274353
41 0.47505131363868713 0.5872673392295837 0.05144672468304634 0.08543887734413147
39 0.9222356677055359 0.8456071615219116 0.06522446125745773 0.160919189453125
28 0.19089050590991974 0.8277239799499512 0.32889851927757263 0.3256729245185852
56 0.08701634407043457 0.21394115686416626 0.16062019765377045 0.2627243995666504
0 0.4158383309841156 0.4176911413669586 0.3332214653491974 0.7158006429672241
45 0.8786999583244324 0.48485705256462097 0.0749601349234581 0.1444956511259079
41 0.4156899154186249 0.7197006344795227 0.062188148498535156 0.14761382341384888
60 0.5068937540054321 0.7377592325210571 0.3477252125740051 0.49607205390930176
