0 0.37942829728126526 0.5360031723976135 0.37411871552467346 0.5189501643180847
56 0.17693151533603668 0.3641471862792969 0.22544872760772705 0.35774657130241394
0 0.7066032290458679 0.846621036529541 0.1533617079257965 0.2987135350704193
56 0.056950487196445465 0.2142665982246399 0.09956395626068115 0.2590544819831848
39 0.9218868613243103 0.8454316854476929 0.06535568088293076 0.16050958633422852
60 0.4543471336364746 0.6923170685768127 0.23673823475837708 0.36416611075401306
45 0.47601184248924255 0.5936198830604553 0.04990262910723686 0.09966659545898438
41 0.4112800061702728 0.6855179071426392 0.051891423761844635 0.0766042098402977
45 0.878753662109375 0.4850360155105591 0.07516594231128693 0.14477072656154633
45 0.4117312431335449 0.6848804354667664 0.050595473498106 0.0782741978764534
