56 0.17630921304225922 0.4052821695804596 0.22248438000679016 0.44327157735824585
0 0.414614200592041 0.5355055928230286 0.3314482867717743 0.49396583437919617
41 0.4751363694667816 0.5963361859321594 0.05021686479449272 0.10391557961702347
56 0.057806696742773056 0.21446190774440765 0.10072968155145645 0.2597198486328125
60 0.4620726704597473 0.6888907551765442 0.2511371970176697 0.3764393925666809
0 0.5989186763763428 0.8168701529502869 0.2400418370962143 0.34638112783432007
39 0.9219846725463867 0.8460617065429688 0.06508636474609375 0.16057078540325165
56 0.0843053013086319 0.21369123458862305 0.15439780056476593 0.26381543278694153
0 0.4150383472442627 0.4056105315685272 0.33666107058525085 0.7446132302284241
41 0.5151163339614868 0.6133944988250732 0.061411287635564804 0.11330736428499222
45 0.8786765933036804 0.484696626663208 0.07413692772388458 0.14399075508117676
