56 0.17412321269512177 0.40510016679763794 0.21752925217151642 0.44492968916893005
56 0.05730699375271797 0.21463994681835175 0.09991879761219025 0.2594538927078247
0 0.4832451045513153 0.48082235455513 0.47377070784568787 0.9223176836967468
41 0.43413716554641724 0.7217968702316284 0.10280018299818039 0.1507982462644577
0 0.4051900804042816 0.4257717728614807 0.31537720561027527 0.7049270868301392
39 0.9220392107963562 0.8463141918182373 0.06512870639562607 0.16024120151996613
45 0.87868732213974 0.48478302359580994 0.07463417202234268 0.14345026016235352
56 0.08712076395750046 0.21399129927158356 0.1607891321182251 0.2629358172416687
41 0.8783947825431824 0.4851215183734894 0.07540836185216904 0.14419004321098328
41 0.5180673599243164 0.6234658360481262 0.058572959154844284 0.13360595703125
