56 0.17615041136741638 0.4067007899284363 0.2228003740310669 0.4412761330604553
0 0.4132121205329895 0.5338396430015564 0.32688388228416443 0.5028136372566223
39 0.9218265414237976 0.8463170528411865 0.06445808708667755 0.15939128398895264
60 0.45649752020835876 0.6922999024391174 0.2464245855808258 0.36690813302993774
41 0.47554880380630493 0.5953057408332825 0.050112247467041016 0.10243360698223114
0 0.7333910465240479 0.8852630257606506 0.10000276565551758 0.22806380689144135
56 0.059331197291612625 0.21609409153461456 0.10396510362625122 0.25832995772361755
56 0.07957518100738525 0.21560071408748627 0.1456088125705719 0.2720998227596283
0 0.4113627076148987 0.42385804653167725 0.3293078541755676 0.7168933749198914
45 0.8785602450370789 0.4848893880844116 0.07420158386230469 0.14400312304496765
45 0.4759599268436432 0.5938649773597717 0.04954681545495987 0.09841139614582062
41 0.41121578216552734 0.6936496496200562 0.051738906651735306 0.0943274199962616
45 0.4118154048919678 0.6856202483177185 0.05036630854010582 0.07973548024892807
