56 0.17307157814502716 0.40475109219551086 0.21798042953014374 0.44507429003715515
0 0.4062841534614563 0.515474259853363 0.3231693208217621 0.49965110421180725
41 0.43390998244285583 0.7221047282218933 0.10135231167078018 0.15087297558784485
56 0.0573800690472126 0.21359562873840332 0.10112249851226807 0.26154041290283203
55 0.5825809836387634 0.8616616129875183 0.06762780994176865 0.1162431538105011
0 0.40616828203201294 0.40508848428726196 0.32422101497650146 0.7266122102737427
39 0.9219805002212524 0.8458281755447388 0.06514625996351242 0.16070082783699036
28 0.19348077476024628 0.8278331756591797 0.33490362763404846 0.3262132406234741
56 0.0864921435713768 0.2136109322309494 0.15937264263629913 0.2631851136684418
55 0.6283167004585266 0.7820615172386169 0.047977447509765625 0.07981330156326294
55 0.5405259132385254 0.8013012409210205 0.04956645891070366 0.07909851521253586
