0 0.5937414169311523 0.7933636903762817 0.24688930809497833 0.402482271194458
56 0.17616288363933563 0.404906690120697 0.2240152806043625 0.4429088234901428
0 0.41699036955833435 0.5131614804267883 0.3321157395839691 0.518688976764679
41 0.4758525788784027 0.5951212644577026 0.04987964779138565 0.10262010246515274
56 0.056968044489622116 0.21373774111270905 0.10176370292901993 0.2598702311515808
41 0.4113759994506836 0.7028191685676575 0.052500057965517044 0.11169959604740143
39 0.9215575456619263 0.8461963534355164 0.06537208706140518 0.15983988344669342
45 0.8789677023887634 0.4849112331867218 0.07494926452636719 0.14442859590053558
45 0.47591811418533325 0.5954486727714539 0.04929046705365181 0.1015557199716568
56 0.08864037692546844 0.2130494862794876 0.1652648150920868 0.2635197937488556
