0 0.606539785861969 0.8344681859016418 0.27189740538597107 0.3204810321331024
56 0.17430415749549866 0.4041399657726288 0.21745148301124573 0.44319528341293335
41 0.47587713599205017 0.5958428978919983 0.049788571894168854 0.10446370393037796
0 0.4141528606414795 0.526006817817688 0.32669803500175476 0.4950292110443115
56 0.05763955041766167 0.21466268599033356 0.10088672488927841 0.2609257996082306
39 0.9221416711807251 0.8458089232444763 0.06510009616613388 0.16181369125843048
41 0.41133132576942444 0.7032272219657898 0.05258340761065483 0.11107207834720612
41 0.8785429000854492 0.48535677790641785 0.07565879821777344 0.14522476494312286
45 0.4120199382305145 0.6871405243873596 0.05013237148523331 0.08126339316368103
41 0.41198664903640747 0.6871457695960999 0.050090789794921875 0.08252546936273575
60 0.46244460344314575 0.6852213740348816 0.2400316298007965 0.34598711133003235
