56 0.17146919667720795 0.40547582507133484 0.21260014176368713 0.44244393706321716
0 0.41048064827919006 0.5322180390357971 0.3261204659938812 0.4897509515285492
56 0.057988490909338 0.21444694697856903 0.09846704453229904 0.2579343318939209
41 0.4758540093898773 0.5921916365623474 0.04996385797858238 0.10283686220645905
43 0.5713903307914734 0.572739839553833 0.05354461818933487 0.11584388464689255
39 0.9220037460327148 0.8448125123977661 0.06548004597425461 0.16159634292125702
41 0.41178664565086365 0.69270920753479 0.050986576825380325 0.09817611426115036
41 0.414419561624527 0.709235668182373 0.05837764963507652 0.13174913823604584
45 0.47580739855766296 0.5911798477172852 0.04925823211669922 0.09929724782705307
60 0.4614245593547821 0.6693932414054871 0.23832857608795166 0.34499409794807434
45 0.8789336085319519 0.48503538966178894 0.07517661899328232 0.14509625732898712
45 0.41214093565940857 0.6836869120597839 0.0504145622253418 0.07947777956724167
