56 0.16492800414562225 0.4063217341899872 0.19956760108470917 0.44325798749923706
41 0.47571778297424316 0.5964629650115967 0.04967470094561577 0.10540229082107544
39 0.9220871329307556 0.846133291721344 0.06525573879480362 0.16094326972961426
56 0.059315383434295654 0.21428920328617096 0.10813774913549423 0.2623552680015564
60 0.4655939042568207 0.6830215454101562 0.25776156783103943 0.38705411553382874
56 0.08673497289419174 0.21401214599609375 0.1629139631986618 0.2644447386264801
45 0.8787378668785095 0.4850127398967743 0.07479286193847656 0.14386266469955444
0 0.3690333962440491 0.4378320574760437 0.2350386679172516 0.4420481324195862
45 0.4758761525154114 0.596280038356781 0.04944419860839844 0.1028815433382988
41 0.8785279393196106 0.4856541156768799 0.07558117061853409 0.14470486342906952
