56 0.17496274411678314 0.4042362868785858 0.21875853836536407 0.44308024644851685
0 0.4140489995479584 0.5242048501968384 0.3252228796482086 0.4975406229496002
41 0.4759427011013031 0.5958619117736816 0.0498199462890625 0.10406375676393509
56 0.058090902864933014 0.21508894860744476 0.10142200440168381 0.2605022192001343
41 0.4114689826965332 0.7006539702415466 0.05186751112341881 0.10698314756155014
39 0.922276496887207 0.8450492024421692 0.0652996078133583 0.16395772993564606
45 0.4119512736797333 0.6870526671409607 0.04979458078742027 0.08139631897211075
41 0.8786405920982361 0.4853890836238861 0.0756908431649208 0.14467696845531464
56 0.07870522886514664 0.21466203033924103 0.14388377964496613 0.27031874656677246
60 0.4626852571964264 0.7003637552261353 0.25915366411209106 0.3861897885799408
